N = 10 
array([[7123921.0, 150869.0],
       [7123815.0, 150942.0],
       [7123717.0, 151135.0],
       [7123767.0, 150301.0],
       [7123802.0, 151829.0],
       [7123693.0, 151572.0],
       [7123510.0, 151287.0],
       [7123627.0, 150468.0],
       [7123710.0, 149347.0],
       [7123800.0, 149776.0]], dtype=float32)
std = array([107.3335, 743.3487], dtype=float32)
std voltage (nV) = array([124.9526, 865.3717], dtype=float32)
N=100
array([[7123843.0, 154435.0],
       [7123950.0, 154940.0],
       [7123806.0, 154427.0],
       [7123861.0, 153843.0],
       [7123764.0, 154800.0],
       [7123733.0, 155294.0],
       [7123736.0, 154025.0],
       [7123697.0, 152287.0],
       [7123581.0, 153261.0],
       [7123731.0, 153515.0],
       [7123612.0, 152503.0],
       [7123609.0, 152057.0],
       [7123793.0, 152979.0],
       [7123952.0, 152914.0],
       [7123800.0, 152719.0],
       [7123741.0, 152889.0],
       [7123612.0, 152221.0],
       [7123598.0, 150780.0],
       [7123723.0, 151096.0],
       [7123710.0, 150811.0],
       [7123595.0, 150986.0],
       [7123515.0, 152319.0],
       [7123407.0, 151423.0],
       [7123457.0, 150957.0],
       [7123481.0, 152710.0],
       [7123534.0, 155094.0],
       [7123505.0, 153959.0],
       [7123590.0, 153874.0],
       [7123533.0, 153756.0],
       [7123388.0, 153907.0],
       [7123515.0, 153478.0],
       [7123772.0, 153139.0],
       [7123636.0, 152760.0],
       [7123501.0, 152027.0],
       [7123523.0, 151473.0],
       [7123606.0, 150412.0],
       [7123743.0, 150779.0],
       [7123453.0, 152041.0],
       [7123350.0, 151755.0],
       [7123495.0, 152566.0],
       [7123734.0, 151744.0],
       [7123730.0, 150795.0],
       [7123650.0, 151124.0],
       [7123728.0, 152701.0],
       [7123844.0, 152839.0],
       [7123778.0, 150026.0],
       [7123913.0, 148925.0],
       [7123793.0, 151008.0],
       [7123839.0, 153206.0],
       [7123775.0, 153409.0],
       [7123731.0, 153122.0],
       [7123769.0, 152795.0],
       [7123673.0, 153195.0],
       [7123758.0, 153617.0],
       [7123714.0, 153281.0],
       [7123592.0, 152712.0],
       [7123621.0, 151550.0],
       [7123612.0, 152433.0],
       [7123453.0, 154115.0],
       [7123445.0, 154360.0],
       [7123577.0, 153940.0],
       [7123645.0, 153764.0],
       [7123544.0, 153880.0],
       [7123466.0, 154261.0],
       [7123577.0, 153313.0],
       [7123697.0, 153329.0],
       [7123732.0, 153030.0],
       [7123670.0, 153894.0],
       [7123649.0, 153318.0],
       [7123466.0, 153178.0],
       [7123412.0, 152262.0],
       [7123570.0, 151759.0],
       [7123401.0, 151508.0],
       [7123468.0, 150884.0],
       [7123662.0, 151354.0],
       [7123708.0, 152480.0],
       [7123660.0, 153458.0],
       [7123590.0, 152100.0],
       [7123721.0, 152134.0],
       [7123838.0, 153734.0],
       [7123808.0, 154126.0],
       [7123745.0, 153448.0],
       [7123753.0, 152765.0],
       [7123922.0, 153427.0],
       [7123960.0, 151967.0],
       [7123823.0, 150042.0],
       [7123808.0, 151451.0],
       [7123803.0, 153306.0],
       [7123792.0, 152133.0],
       [7123752.0, 152500.0],
       [7123720.0, 152788.0],
       [7123701.0, 152315.0],
       [7123536.0, 152099.0],
       [7123605.0, 152456.0],
       [7123538.0, 151734.0],
       [7123449.0, 151944.0],
       [7123621.0, 152340.0],
       [7123686.0, 152093.0],
       [7123794.0, 152730.0],
       [7123772.0, 154740.0]], dtype=float32)
std = array([140.1633, 1216.206], dtype=float32) 
std voltage (nV) = array([163.1715, 1415.85], dtype=float32)

N=200
array([[7123370.0, 150174.0],
       [7123490.0, 150851.0],
       [7123374.0, 150769.0],
       [7123382.0, 149668.0],
       [7123529.0, 149404.0],
       [7123603.0, 150117.0],
       [7123531.0, 150935.0],
       [7123383.0, 152560.0],
       [7123399.0, 152416.0],
       [7123625.0, 150808.0],
       [7123760.0, 149829.0],
       [7123667.0, 150913.0],
       [7123706.0, 152261.0],
       [7123695.0, 152147.0],
       [7123710.0, 150978.0],
       [7123766.0, 149575.0],
       [7123697.0, 151012.0],
       [7123623.0, 151478.0],
       [7123705.0, 151326.0],
       [7123761.0, 151746.0],
       [7123784.0, 152002.0],
       [7123722.0, 151765.0],
       [7123762.0, 152095.0],
       [7123792.0, 152225.0],
       [7123861.0, 152774.0],
       [7123780.0, 153009.0],
       [7123642.0, 152883.0],
       [7123719.0, 151046.0],
       [7123711.0, 151684.0],
       [7123612.0, 151573.0],
       [7123610.0, 151811.0],
       [7123620.0, 152188.0],
       [7123490.0, 152546.0],
       [7123255.0, 153065.0],
       [7123506.0, 154085.0],
       [7123630.0, 152941.0],
       [7123568.0, 152306.0],
       [7123580.0, 152263.0],
       [7123584.0, 151206.0],
       [7123545.0, 151195.0],
       [7123782.0, 150968.0],
       [7123780.0, 150752.0],
       [7123653.0, 151467.0],
       [7123556.0, 151536.0],
       [7123484.0, 152009.0],
       [7123656.0, 152162.0],
       [7123586.0, 150523.0],
       [7123564.0, 150039.0],
       [7123564.0, 150418.0],
       [7123584.0, 148642.0],
       [7123498.0, 148008.0],
       [7123520.0, 149200.0],
       [7123534.0, 149804.0],
       [7123554.0, 149244.0],
       [7123634.0, 149783.0],
       [7123675.0, 150866.0],
       [7123479.0, 151510.0],
       [7123392.0, 153057.0],
       [7123493.0, 153369.0],
       [7123488.0, 152373.0],
       [7123427.0, 151092.0],
       [7123363.0, 150428.0],
       [7123385.0, 150699.0],
       [7123404.0, 149231.0],
       [7123449.0, 148673.0],
       [7123327.0, 148292.0],
       [7123457.0, 148233.0],
       [7123684.0, 148884.0],
       [7123556.0, 149469.0],
       [7123577.0, 149450.0],
       [7123503.0, 149938.0],
       [7123453.0, 149419.0],
       [7123462.0, 151121.0],
       [7123384.0, 152690.0],
       [7123346.0, 151545.0],
       [7123298.0, 150826.0],
       [7123343.0, 150335.0],
       [7123414.0, 150272.0],
       [7123477.0, 149838.0],
       [7123507.0, 149832.0],
       [7123477.0, 150920.0],
       [7123398.0, 150999.0],
       [7123444.0, 151961.0],
       [7123495.0, 152156.0],
       [7123355.0, 152156.0],
       [7123372.0, 151430.0],
       [7123376.0, 151767.0],
       [7123373.0, 151852.0],
       [7123281.0, 151451.0],
       [7123288.0, 152585.0],
       [7123313.0, 152480.0],
       [7123343.0, 152299.0],
       [7123573.0, 152306.0],
       [7123631.0, 152452.0],
       [7123629.0, 151893.0],
       [7123496.0, 150678.0],
       [7123479.0, 150087.0],
       [7123570.0, 149428.0],
       [7123610.0, 149286.0],
       [7123516.0, 149853.0],
       [7123532.0, 150749.0],
       [7123438.0, 152505.0],
       [7123610.0, 153670.0],
       [7123695.0, 151421.0],
       [7123600.0, 151128.0],
       [7123461.0, 151990.0],
       [7123403.0, 150747.0],
       [7123567.0, 149620.0],
       [7123551.0, 149886.0],
       [7123507.0, 150029.0],
       [7123494.0, 149989.0],
       [7123603.0, 149986.0],
       [7123495.0, 149212.0],
       [7123537.0, 147850.0],
       [7123603.0, 148375.0],
       [7123664.0, 150338.0],
       [7123570.0, 150813.0],
       [7123562.0, 151519.0],
       [7123551.0, 150676.0],
       [7123479.0, 150583.0],
       [7123567.0, 149717.0],
       [7123662.0, 148540.0],
       [7123559.0, 149586.0],
       [7123479.0, 149896.0],
       [7123446.0, 150288.0],
       [7123350.0, 150580.0],
       [7123263.0, 149567.0],
       [7123257.0, 149598.0],
       [7123405.0, 150524.0],
       [7123285.0, 149741.0],
       [7123217.0, 149752.0],
       [7123373.0, 151362.0],
       [7123446.0, 151667.0],
       [7123339.0, 153021.0],
       [7123333.0, 153266.0],
       [7123543.0, 152948.0],
       [7123630.0, 153250.0],
       [7123634.0, 151289.0],
       [7123710.0, 149590.0],
       [7123564.0, 151066.0],
       [7123321.0, 154886.0],
       [7123283.0, 155765.0],
       [7123194.0, 154584.0],
       [7123208.0, 152903.0],
       [7123239.0, 152247.0],
       [7123091.0, 152920.0],
       [7123095.0, 154535.0],
       [7123044.0, 153815.0],
       [7122988.0, 152986.0],
       [7123060.0, 154405.0],
       [7123087.0, 154630.0],
       [7123252.0, 154726.0],
       [7123269.0, 154584.0],
       [7123214.0, 155073.0],
       [7123156.0, 154192.0],
       [7123061.0, 153913.0],
       [7123219.0, 154144.0],
       [7123344.0, 152697.0],
       [7123200.0, 153059.0],
       [7123172.0, 153433.0],
       [7123226.0, 153156.0],
       [7123193.0, 152293.0],
       [7123120.0, 151879.0],
       [7123218.0, 152477.0],
       [7123215.0, 152910.0],
       [7123204.0, 152639.0],
       [7123189.0, 152256.0],
       [7123377.0, 152087.0],
       [7123241.0, 152161.0],
       [7123239.0, 152313.0],
       [7123246.0, 153192.0],
       [7123355.0, 154486.0],
       [7123412.0, 155495.0],
       [7123568.0, 155205.0],
       [7123653.0, 153971.0],
       [7123594.0, 152385.0],
       [7123297.0, 151168.0],
       [7123214.0, 151186.0],
       [7123238.0, 150751.0],
       [7123271.0, 151303.0],
       [7123355.0, 150894.0],
       [7123350.0, 150456.0],
       [7123330.0, 149924.0],
       [7123308.0, 151406.0],
       [7123222.0, 151859.0],
       [7123300.0, 152108.0],
       [7123446.0, 152684.0],
       [7123598.0, 153331.0],
       [7123545.0, 153388.0],
       [7123460.0, 153365.0],
       [7123250.0, 152132.0],
       [7123196.0, 151698.0],
       [7123216.0, 151098.0],
       [7123247.0, 150834.0],
       [7123238.0, 149726.0],
       [7123291.0, 149664.0],
       [7123359.0, 148576.0],
       [7123316.0, 148870.0],
       [7123211.0, 150853.0],
       [7123261.0, 150279.0]], dtype=float32)
std = array([180.9272, 1618.424], dtype=float32) std voltage (nV) = array([210.627, 1884.093], dtype=float32)

N=500
array([[7123487.0, 151323.0],
       [7123229.0, 151067.0],
       [7123128.0, 150248.0],
       [7123322.0, 151385.0],
       [7123407.0, 151948.0],
       [7123573.0, 151676.0],
       [7123662.0, 152250.0],
       [7123588.0, 153599.0],
       [7123490.0, 153125.0],
       [7123570.0, 152391.0],
       [7123631.0, 152415.0],
       [7123551.0, 152294.0],
       [7123505.0, 152708.0],
       [7123407.0, 152300.0],
       [7123473.0, 152368.0],
       [7123538.0, 153766.0],
       [7123532.0, 154108.0],
       [7123533.0, 153249.0],
       [7123527.0, 152666.0],
       [7123627.0, 153184.0],
       [7123755.0, 152893.0],
       [7123711.0, 153141.0],
       [7123573.0, 153068.0],
       [7123483.0, 152106.0],
       [7123466.0, 151439.0],
       [7123479.0, 150409.0],
       [7123542.0, 150734.0],
       [7123462.0, 150433.0],
       [7123468.0, 150313.0],
       [7123507.0, 152641.0],
       [7123584.0, 152728.0],
       [7123575.0, 152142.0],
       [7123592.0, 151218.0],
       [7123570.0, 151305.0],
       [7123466.0, 150794.0],
       [7123442.0, 150228.0],
       [7123402.0, 149395.0],
       [7123429.0, 149037.0],
       [7123294.0, 149594.0],
       [7123302.0, 149952.0],
       [7123260.0, 151007.0],
       [7123405.0, 151822.0],
       [7123362.0, 152029.0],
       [7123363.0, 153509.0],
       [7123344.0, 154281.0],
       [7123413.0, 152405.0],
       [7123673.0, 151241.0],
       [7123549.0, 152635.0],
       [7123486.0, 152547.0],
       [7123545.0, 152401.0],
       [7123637.0, 152843.0],
       [7123549.0, 150978.0],
       [7123545.0, 151048.0],
       [7123371.0, 150784.0],
       [7123399.0, 152381.0],
       [7123459.0, 153276.0],
       [7123651.0, 153394.0],
       [7123589.0, 152539.0],
       [7123564.0, 152122.0],
       [7123606.0, 151581.0],
       [7123516.0, 151733.0],
       [7123435.0, 153234.0],
       [7123466.0, 154074.0],
       [7123609.0, 153468.0],
       [7123690.0, 153398.0],
       [7123621.0, 153153.0],
       [7123698.0, 152574.0],
       [7123783.0, 152523.0],
       [7123632.0, 151765.0],
       [7123548.0, 151272.0],
       [7123507.0, 152165.0],
       [7123592.0, 152702.0],
       [7123584.0, 153083.0],
       [7123453.0, 152540.0],
       [7123626.0, 152227.0],
       [7123638.0, 152709.0],
       [7123554.0, 152575.0],
       [7123610.0, 152003.0],
       [7123662.0, 152065.0],
       [7123638.0, 152430.0],
       [7123492.0, 152830.0],
       [7123499.0, 153735.0],
       [7123520.0, 153650.0],
       [7123661.0, 152293.0],
       [7123782.0, 150824.0],
       [7123783.0, 150431.0],
       [7123538.0, 150918.0],
       [7123403.0, 151493.0],
       [7123533.0, 150899.0],
       [7123592.0, 149848.0],
       [7123753.0, 152889.0],
       [7123780.0, 153702.0],
       [7123700.0, 151571.0],
       [7123438.0, 151179.0],
       [7123451.0, 150839.0],
       [7123427.0, 151799.0],
       [7123359.0, 151243.0],
       [7123474.0, 151230.0],
       [7123506.0, 150655.0],
       [7123559.0, 150841.0],
       [7123570.0, 152264.0],
       [7123642.0, 152015.0],
       [7123656.0, 152490.0],
       [7123448.0, 151847.0],
       [7123462.0, 151002.0],
       [7123532.0, 151288.0],
       [7123580.0, 151948.0],
       [7123598.0, 152285.0],
       [7123703.0, 151420.0],
       [7123545.0, 152046.0],
       [7123407.0, 152599.0],
       [7123354.0, 150891.0],
       [7123368.0, 149088.0],
       [7123446.0, 150136.0],
       [7123496.0, 151296.0],
       [7123504.0, 150779.0],
       [7123494.0, 148727.0],
       [7123474.0, 149372.0],
       [7123556.0, 150450.0],
       [7123471.0, 149917.0],
       [7123449.0, 148489.0],
       [7123422.0, 148039.0],
       [7123391.0, 148444.0],
       [7123412.0, 150036.0],
       [7123432.0, 151428.0],
       [7123370.0, 149525.0],
       [7123374.0, 149981.0],
       [7123374.0, 150777.0],
       [7123370.0, 150685.0],
       [7123415.0, 151125.0],
       [7123504.0, 151174.0],
       [7123544.0, 150547.0],
       [7123700.0, 148920.0],
       [7123630.0, 148583.0],
       [7123534.0, 149698.0],
       [7123462.0, 151338.0],
       [7123616.0, 150395.0],
       [7123636.0, 148965.0],
       [7123569.0, 149180.0],
       [7123634.0, 150899.0],
       [7123461.0, 151613.0],
       [7123435.0, 150634.0],
       [7123498.0, 150275.0],
       [7123475.0, 149904.0],
       [7123377.0, 148638.0],
       [7123313.0, 147701.0],
       [7123504.0, 147658.0],
       [7123575.0, 149919.0],
       [7123745.0, 150844.0],
       [7123821.0, 149925.0],
       [7123623.0, 149322.0],
       [7123497.0, 149300.0],
       [7123762.0, 150755.0],
       [7123691.0, 151871.0],
       [7123571.0, 151217.0],
       [7123595.0, 150749.0],
       [7123590.0, 150433.0],
       [7123606.0, 150425.0],
       [7123603.0, 150391.0],
       [7123527.0, 149902.0],
       [7123551.0, 149240.0],
       [7123501.0, 148685.0],
       [7123396.0, 147357.0],
       [7123327.0, 149992.0],
       [7123392.0, 151454.0],
       [7123316.0, 150605.0],
       [7123485.0, 150693.0],
       [7123629.0, 150592.0],
       [7123656.0, 151632.0],
       [7123701.0, 151222.0],
       [7123719.0, 151216.0],
       [7123673.0, 152060.0],
       [7123538.0, 152063.0],
       [7123382.0, 151857.0],
       [7123507.0, 151528.0],
       [7123802.0, 151534.0],
       [7123783.0, 151082.0],
       [7123498.0, 150904.0],
       [7123385.0, 151390.0],
       [7123260.0, 151186.0],
       [7123115.0, 150539.0],
       [7123205.0, 150413.0],
       [7123331.0, 152198.0],
       [7123327.0, 153798.0],
       [7123346.0, 153602.0],
       [7123435.0, 152307.0],
       [7123503.0, 151859.0],
       [7123610.0, 150430.0],
       [7123479.0, 151611.0],
       [7123362.0, 153690.0],
       [7123304.0, 152782.0],
       [7123424.0, 151182.0],
       [7123521.0, 150634.0],
       [7123390.0, 150879.0],
       [7123376.0, 151440.0],
       [7123451.0, 152034.0],
       [7123459.0, 153269.0],
       [7123442.0, 153462.0],
       [7123374.0, 151966.0],
       [7123219.0, 150131.0],
       [7123293.0, 148878.0],
       [7123462.0, 149886.0],
       [7123499.0, 150951.0],
       [7123276.0, 152371.0],
       [7123230.0, 153559.0],
       [7123385.0, 153381.0],
       [7123411.0, 153424.0],
       [7123313.0, 153278.0],
       [7123445.0, 153248.0],
       [7123388.0, 152239.0],
       [7123435.0, 152968.0],
       [7123475.0, 151805.0],
       [7123438.0, 152437.0],
       [7123498.0, 152199.0],
       [7123416.0, 152679.0],
       [7123128.0, 152810.0],
       [7123085.0, 151494.0],
       [7123222.0, 153357.0],
       [7123229.0, 153125.0],
       [7122984.0, 152030.0],
       [7123037.0, 151162.0],
       [7123139.0, 151023.0],
       [7123260.0, 151834.0],
       [7123117.0, 152356.0],
       [7123189.0, 151730.0],
       [7123373.0, 152306.0],
       [7123365.0, 152714.0],
       [7123200.0, 153213.0],
       [7123222.0, 152631.0],
       [7123331.0, 151536.0],
       [7123339.0, 152800.0],
       [7123291.0, 153663.0],
       [7123330.0, 153653.0],
       [7123290.0, 152774.0],
       [7123263.0, 153252.0],
       [7123368.0, 152525.0],
       [7123372.0, 152039.0],
       [7123227.0, 151688.0],
       [7123067.0, 150838.0],
       [7123003.0, 150867.0],
       [7123148.0, 152022.0],
       [7123254.0, 151127.0],
       [7123344.0, 150121.0],
       [7123086.0, 149024.0],
       [7123087.0, 148552.0],
       [7123059.0, 149387.0],
       [7123178.0, 150866.0],
       [7123238.0, 151853.0],
       [7123183.0, 150811.0],
       [7123379.0, 149984.0],
       [7123402.0, 149612.0],
       [7123335.0, 150639.0],
       [7123305.0, 152760.0],
       [7123449.0, 152163.0],
       [7123747.0, 151208.0],
       [7123465.0, 151622.0],
       [7123423.0, 152274.0],
       [7123402.0, 152953.0],
       [7123407.0, 151756.0],
       [7123293.0, 151786.0],
       [7123178.0, 151465.0],
       [7123232.0, 151345.0],
       [7123205.0, 152094.0],
       [7123287.0, 153067.0],
       [7123321.0, 153135.0],
       [7123266.0, 152733.0],
       [7123220.0, 152030.0],
       [7123368.0, 151193.0],
       [7123573.0, 150993.0],
       [7123529.0, 151131.0],
       [7123351.0, 151271.0],
       [7123594.0, 152105.0],
       [7123610.0, 151339.0],
       [7123667.0, 150542.0],
       [7123626.0, 152064.0],
       [7123462.0, 151772.0],
       [7123412.0, 151449.0],
       [7123486.0, 152469.0],
       [7123610.0, 152397.0],
       [7123702.0, 151950.0],
       [7123372.0, 152518.0],
       [7123509.0, 153010.0],
       [7123653.0, 153543.0],
       [7123499.0, 152689.0],
       [7123457.0, 152408.0],
       [7123497.0, 151928.0],
       [7123331.0, 152242.0],
       [7123490.0, 152191.0],
       [7123606.0, 151618.0],
       [7123597.0, 152634.0],
       [7123594.0, 153590.0],
       [7123412.0, 154208.0],
       [7123388.0, 153249.0],
       [7123381.0, 152967.0],
       [7123446.0, 152843.0],
       [7123357.0, 151700.0],
       [7123269.0, 151683.0],
       [7123398.0, 150797.0],
       [7123316.0, 150128.0],
       [7123324.0, 150092.0],
       [7123432.0, 151399.0],
       [7123274.0, 151848.0],
       [7123279.0, 151788.0],
       [7123308.0, 152258.0],
       [7123269.0, 152265.0],
       [7123425.0, 153054.0],
       [7123581.0, 152461.0],
       [7123556.0, 151843.0],
       [7123571.0, 151217.0],
       [7123522.0, 150944.0],
       [7123653.0, 151808.0],
       [7123658.0, 152283.0],
       [7123720.0, 151655.0],
       [7123752.0, 151146.0],
       [7123739.0, 150240.0],
       [7123865.0, 149943.0],
       [7123791.0, 149229.0],
       [7123488.0, 148923.0],
       [7123449.0, 150470.0],
       [7123512.0, 150568.0],
       [7123499.0, 148948.0],
       [7123435.0, 150023.0],
       [7123333.0, 151845.0],
       [7123449.0, 150639.0],
       [7123374.0, 150688.0],
       [7123445.0, 151119.0],
       [7123492.0, 149486.0],
       [7123429.0, 149378.0],
       [7123487.0, 150710.0],
       [7123405.0, 151682.0],
       [7123293.0, 152502.0],
       [7123357.0, 153549.0],
       [7123185.0, 151541.0],
       [7123258.0, 151219.0],
       [7123373.0, 150297.0],
       [7123455.0, 149672.0],
       [7123477.0, 148853.0],
       [7123488.0, 150350.0],
       [7123297.0, 151471.0],
       [7123372.0, 150827.0],
       [7123394.0, 149820.0],
       [7123388.0, 149783.0],
       [7123366.0, 150608.0],
       [7123379.0, 152196.0],
       [7123357.0, 151852.0],
       [7123108.0, 151596.0],
       [7123228.0, 151500.0],
       [7123427.0, 151700.0],
       [7123512.0, 151670.0],
       [7123298.0, 150472.0],
       [7123349.0, 150203.0],
       [7123261.0, 152049.0],
       [7123208.0, 149425.0],
       [7123228.0, 149250.0],
       [7123241.0, 150875.0],
       [7123230.0, 151777.0],
       [7123321.0, 151357.0],
       [7123415.0, 151391.0],
       [7123440.0, 150766.0],
       [7123476.0, 150922.0],
       [7123581.0, 151837.0],
       [7123496.0, 151990.0],
       [7123370.0, 149061.0],
       [7123355.0, 149031.0],
       [7123425.0, 149684.0],
       [7123559.0, 150683.0],
       [7123551.0, 151020.0],
       [7123498.0, 149784.0],
       [7123562.0, 149283.0],
       [7123639.0, 148604.0],
       [7123556.0, 149107.0],
       [7123400.0, 150122.0],
       [7123456.0, 150573.0],
       [7123544.0, 150596.0],
       [7123570.0, 150966.0],
       [7123498.0, 151142.0],
       [7123482.0, 150488.0],
       [7123542.0, 149337.0],
       [7123485.0, 149474.0],
       [7123470.0, 149704.0],
       [7123527.0, 150177.0],
       [7123540.0, 149564.0],
       [7123614.0, 150481.0],
       [7123581.0, 151355.0],
       [7123385.0, 151749.0],
       [7123510.0, 152162.0],
       [7123576.0, 152460.0],
       [7123415.0, 151086.0],
       [7123392.0, 151314.0],
       [7123312.0, 152191.0],
       [7123366.0, 151407.0],
       [7123538.0, 151808.0],
       [7123403.0, 151371.0],
       [7123311.0, 151452.0],
       [7123277.0, 151681.0],
       [7123335.0, 152831.0],
       [7123466.0, 154248.0],
       [7123377.0, 153183.0],
       [7123285.0, 152668.0],
       [7123455.0, 153520.0],
       [7123492.0, 151652.0],
       [7123407.0, 148881.0],
       [7123308.0, 148751.0],
       [7123144.0, 149359.0],
       [7123133.0, 150033.0],
       [7123219.0, 150050.0],
       [7123326.0, 149367.0],
       [7123329.0, 150144.0],
       [7123327.0, 151661.0],
       [7123316.0, 152669.0],
       [7123200.0, 153395.0],
       [7123113.0, 152705.0],
       [7122976.0, 151780.0],
       [7123075.0, 151909.0],
       [7123044.0, 151962.0],
       [7123120.0, 151873.0],
       [7123098.0, 152459.0],
       [7123144.0, 153048.0],
       [7123435.0, 152830.0],
       [7123354.0, 151261.0],
       [7123346.0, 151166.0],
       [7123341.0, 152270.0],
       [7123281.0, 153639.0],
       [7123133.0, 152492.0],
       [7123322.0, 150820.0],
       [7123341.0, 150110.0],
       [7123244.0, 152657.0],
       [7123255.0, 153423.0],
       [7123186.0, 153805.0],
       [7123071.0, 151940.0],
       [7123116.0, 151116.0],
       [7123260.0, 151039.0],
       [7123333.0, 150347.0],
       [7123244.0, 149821.0],
       [7123400.0, 150237.0],
       [7123433.0, 151407.0],
       [7123377.0, 151574.0],
       [7123354.0, 150354.0],
       [7123108.0, 150354.0],
       [7123017.0, 150247.0],
       [7123161.0, 149533.0],
       [7123161.0, 149814.0],
       [7123059.0, 152292.0],
       [7123163.0, 151884.0],
       [7123366.0, 150769.0],
       [7123438.0, 151426.0],
       [7123391.0, 150381.0],
       [7123466.0, 148446.0],
       [7123384.0, 148961.0],
       [7123319.0, 149595.0],
       [7123261.0, 150029.0],
       [7122927.0, 149411.0],
       [7122959.0, 149493.0],
       [7123108.0, 151188.0],
       [7123031.0, 152664.0],
       [7122956.0, 153151.0],
       [7123015.0, 151741.0],
       [7123015.0, 151436.0],
       [7123012.0, 151450.0],
       [7122964.0, 151140.0],
       [7122981.0, 149785.0],
       [7123049.0, 150518.0],
       [7123157.0, 152067.0],
       [7123069.0, 152284.0],
       [7123159.0, 153150.0],
       [7123324.0, 153964.0],
       [7123313.0, 154139.0],
       [7123241.0, 152889.0],
       [7123407.0, 150173.0],
       [7123366.0, 148473.0],
       [7123366.0, 147900.0],
       [7123305.0, 148275.0],
       [7123263.0, 148360.0],
       [7123196.0, 150056.0],
       [7123139.0, 150660.0],
       [7123209.0, 150205.0],
       [7123163.0, 149633.0],
       [7123199.0, 147963.0],
       [7123030.0, 148080.0],
       [7123180.0, 148357.0],
       [7123261.0, 148596.0],
       [7123132.0, 148987.0],
       [7123096.0, 147984.0],
       [7123272.0, 148464.0],
       [7123288.0, 148480.0],
       [7123147.0, 148870.0],
       [7123202.0, 150379.0],
       [7123432.0, 150589.0],
       [7123382.0, 150620.0],
       [7123045.0, 150250.0],
       [7122939.0, 149344.0],
       [7122961.0, 149355.0],
       [7122969.0, 150456.0],
       [7123085.0, 150530.0],
       [7123180.0, 149534.0],
       [7123096.0, 148159.0],
       [7122952.0, 149319.0],
       [7122995.0, 151479.0],
       [7123103.0, 151637.0],
       [7123361.0, 151082.0]], dtype=float32)
std = array([184.1089, 1406.647], dtype=float32) std voltage (nV) = array([214.3309, 1637.553], dtype=float32)